-0.00329867
-0.0065973
-0.00989587
-0.0131943
-0.0164927
-0.0197909
-0.0230888
-0.0263866
-0.0296841
-0.0329813
-0.0362782
-0.0395747
-0.0428708
-0.0461665
-0.0494618
-0.0527565
-0.0560508
-0.0593445
-0.0626376
-0.06593
-0.0692219
-0.072513
-0.0758035
-0.0790931
-0.0823821
-0.0856701
-0.0889574
-0.0922438
-0.0955292
-0.0988137
-0.102097
-0.10538
-0.108661
-0.111942
-0.115221
-0.118499
-0.121776
-0.125052
-0.128327
-0.1316
-0.134872
-0.138143
-0.141412
-0.14468
-0.147946
-0.151211
-0.154475
-0.157737
-0.160997
-0.164256
-0.167513
-0.170769
-0.174023
-0.177275
-0.180526
-0.183774
-0.187021
-0.190266
-0.193509
-0.19675
-0.19999
-0.203227
-0.206462
-0.209695
-0.212927
-0.216156
-0.219383
-0.222607
-0.22583
-0.22905
-0.232268
-0.235484
-0.238698
-0.241909
-0.245118
-0.248324
-0.251528
-0.254729
-0.257928
-0.261124
-0.264318
-0.267509
-0.270698
-0.273884
-0.277067
-0.280247
-0.283425
-0.2866
-0.289772
-0.292941
-0.296107
-0.29927
-0.302431
-0.305588
-0.308742
-0.311894
-0.315042
-0.318187
-0.321329
-0.324468
-0.327603
-0.330736
-0.333865
-0.336991
-0.340113
-0.343232
-0.346348
-0.349461
-0.352569
-0.355675
-0.358777
-0.361875
-0.36497
-0.368061
-0.371149
-0.374232
-0.377313
-0.380389
-0.383462
-0.386531
-0.389596
-0.392657
-0.395715
-0.398768
-0.401818
-0.404863
-0.407905
-0.410942
-0.413976
-0.417005
-0.420031
-0.423052
-0.426069
-0.429082
-0.43209
-0.435094
-0.438094
-0.44109
-0.444081
-0.447068
-0.450051
-0.453029
-0.456002
-0.458972
-0.461936
-0.464896
-0.467852
-0.470802
-0.473749
-0.47669
-0.479627
-0.482559
-0.485486
-0.488409
-0.491326
-0.494239
-0.497147
-0.50005
-0.502948
-0.505841
-0.50873
-0.511613
-0.514491
-0.517364
-0.520232
-0.523094
-0.525952
-0.528804
-0.531652
-0.534493
-0.53733
-0.540162
-0.542988
-0.545808
-0.548623
-0.551433
-0.554238
-0.557037
-0.55983
-0.562618
-0.565401
-0.568177
-0.570949
-0.573714
-0.576474
-0.579228
-0.581977
-0.584719
-0.587456
-0.590188
-0.592913
-0.595632
-0.598346
-0.601054
-0.603756
-0.606451
-0.609141
-0.611825
-0.614503
-0.617175
-0.61984
-0.6225
-0.625153
-0.6278
-0.630441
-0.633076
-0.635705
-0.638327
-0.640943
-0.643552
-0.646156
-0.648753
-0.651343
-0.653927
-0.656505
-0.659076
-0.661641
-0.664199
-0.66675
-0.669295
-0.671834
-0.674365
-0.67689
-0.679409
-0.68192
-0.684425
-0.686924
-0.689415
-0.6919
-0.694377
-0.696848
-0.699312
-0.70177
-0.70422
-0.706663
-0.709099
-0.711529
-0.713951
-0.716366
-0.718774
-0.721176
-0.723569
-0.725956
-0.728336
-0.730708
-0.733074
-0.735432
-0.737782
-0.740126
-0.742462
-0.744791
-0.747112
-0.749427
-0.751733
-0.754033
-0.756324
-0.758609
-0.760886
-0.763155
-0.765417
-0.767671
-0.769918
-0.772157
-0.774389
-0.776613
-0.778829
-0.781037
-0.783238
-0.785431
-0.787617
-0.789794
-0.791964
-0.794126
-0.79628
-0.798426
-0.800565
-0.802695
-0.804818
-0.806932
-0.809039
-0.811138
-0.813228
-0.815311
-0.817385
-0.819452
-0.82151
-0.823561
-0.825603
-0.827637
-0.829663
-0.83168
-0.83369
-0.835691
-0.837684
-0.839669
-0.841645
-0.843613
-0.845573
-0.847525
-0.849468
-0.851403
-0.853329
-0.855247
-0.857156
-0.859057
-0.86095
-0.862834
-0.864709
-0.866576
-0.868435
-0.870284
-0.872126
-0.873958
-0.875782
-0.877598
-0.879404
-0.881202
-0.882992
-0.884772
-0.886544
-0.888307
-0.890062
-0.891807
-0.893544
-0.895272
-0.896991
-0.898702
-0.900403
-0.902096
-0.903779
-0.905454
-0.90712
-0.908776
-0.910424
-0.912063
-0.913693
-0.915314
-0.916926
-0.918528
-0.920122
-0.921707
-0.923282
-0.924849
-0.926406
-0.927954
-0.929493
-0.931023
-0.932543
-0.934055
-0.935557
-0.93705
-0.938533
-0.940008
-0.941473
-0.942929
-0.944376
-0.945813
-0.947241
-0.948659
-0.950068
-0.951468
-0.952859
-0.95424
-0.955611
-0.956973
-0.958326
-0.959669
-0.961003
-0.962328
-0.963642
-0.964948
-0.966243
-0.96753
-0.968806
-0.970074
-0.971331
-0.972579
-0.973817
-0.975046
-0.976265
-0.977475
-0.978675
-0.979865
-0.981045
-0.982216
-0.983377
-0.984529
-0.985671
-0.986803
-0.987925
-0.989037
-0.99014
-0.991233
-0.992316
-0.99339
-0.994453
-0.995507
-0.996551
-0.997585
-0.998609
-0.999624
-1.00063
-1.00162
-1.00261
-1.00358
-1.00455
-1.0055
-1.00645
-1.00738
-1.00831
-1.00922
-1.01013
-1.01102
-1.01191
-1.01279
-1.01365
-1.01451
-1.01535
-1.01619
-1.01701
-1.01783
-1.01863
-1.01943
-1.02021
-1.02099
-1.02175
-1.02251
-1.02325
-1.02399
-1.02471
-1.02543
-1.02613
-1.02683
-1.02751
-1.02818
-1.02885
-1.0295
-1.03015
-1.03078
-1.0314
-1.03201
-1.03262
-1.03321
-1.03379
-1.03436
-1.03493
-1.03548
-1.03602
-1.03655
-1.03707
-1.03758
-1.03808
-1.03857
-1.03905
-1.03952
-1.03998
-1.04043
-1.04087
-1.0413
-1.04172
-1.04213
-1.04253
-1.04291
-1.04329
-1.04366
-1.04402
-1.04436
-1.0447
-1.04502
-1.04534
-1.04565
-1.04594
-1.04622
-1.0465
-1.04676
-1.04702
-1.04726
-1.04749
-1.04772
-1.04793
-1.04813
-1.04832
-1.0485
-1.04867
-1.04883
-1.04898
-1.04912
-1.04925
-1.04937
-1.04948
-1.04958
-1.04967
-1.04975
-1.04981
-1.04987
-1.04992
-1.04995
-1.04998
-1.04999
-1.05
-1.04999
-1.04998
-1.04995
-1.04992
-1.04987
-1.04981
-1.04975
-1.04967
-1.04958
-1.04948
-1.04937
-1.04925
-1.04912
-1.04898
-1.04883
-1.04867
-1.0485
-1.04832
-1.04813
-1.04793
-1.04772
-1.04749
-1.04726
-1.04702
-1.04676
-1.0465
-1.04622
-1.04594
-1.04565
-1.04534
-1.04502
-1.0447
-1.04436
-1.04402
-1.04366
-1.04329
-1.04291
-1.04253
-1.04213
-1.04172
-1.0413
-1.04087
-1.04043
-1.03998
-1.03952
-1.03905
-1.03857
-1.03808
-1.03758
-1.03707
-1.03655
-1.03602
-1.03548
-1.03493
-1.03436
-1.03379
-1.03321
-1.03262
-1.03201
-1.0314
-1.03078
-1.03015
-1.0295
-1.02885
-1.02818
-1.02751
-1.02683
-1.02613
-1.02543
-1.02471
-1.02399
-1.02325
-1.02251
-1.02175
-1.02099
-1.02021
-1.01943
-1.01863
-1.01783
-1.01701
-1.01619
-1.01535
-1.01451
-1.01365
-1.01279
-1.01191
-1.01102
-1.01013
-1.00922
-1.00831
-1.00738
-1.00645
-1.0055
-1.00455
-1.00358
-1.00261
-1.00162
-1.00063
-0.999624
-0.998609
-0.997585
-0.996551
-0.995507
-0.994453
-0.99339
-0.992316
-0.991233
-0.99014
-0.989037
-0.987925
-0.986803
-0.985671
-0.984529
-0.983377
-0.982216
-0.981045
-0.979865
-0.978675
-0.977475
-0.976265
-0.975046
-0.973817
-0.972579
-0.971331
-0.970074
-0.968806
-0.96753
-0.966243
-0.964948
-0.963642
-0.962328
-0.961003
-0.959669
-0.958326
-0.956973
-0.955611
-0.95424
-0.952859
-0.951468
-0.950068
-0.948659
-0.947241
-0.945813
-0.944376
-0.942929
-0.941473
-0.940008
-0.938533
-0.93705
-0.935557
-0.934055
-0.932543
-0.931023
-0.929493
-0.927954
-0.926406
-0.924849
-0.923282
-0.921707
-0.920122
-0.918528
-0.916926
-0.915314
-0.913693
-0.912063
-0.910424
-0.908776
-0.90712
-0.905454
-0.903779
-0.902096
-0.900403
-0.898702
-0.896991
-0.895272
-0.893544
-0.891807
-0.890062
-0.888307
-0.886544
-0.884772
-0.882992
-0.881202
-0.879404
-0.877598
-0.875782
-0.873958
-0.872126
-0.870284
-0.868435
-0.866576
-0.864709
-0.862834
-0.86095
-0.859057
-0.857156
-0.855247
-0.853329
-0.851403
-0.849468
-0.847525
-0.845573
-0.843613
-0.841645
-0.839669
-0.837684
-0.835691
-0.83369
-0.83168
-0.829663
-0.827637
-0.825603
-0.823561
-0.82151
-0.819452
-0.817385
-0.815311
-0.813228
-0.811138
-0.809039
-0.806932
-0.804818
-0.802695
-0.800565
-0.798426
-0.79628
-0.794126
-0.791964
-0.789794
-0.787617
-0.785431
-0.783238
-0.781037
-0.778829
-0.776613
-0.774389
-0.772157
-0.769918
-0.767671
-0.765417
-0.763155
-0.760886
-0.758609
-0.756324
-0.754033
-0.751733
-0.749427
-0.747112
-0.744791
-0.742462
-0.740126
-0.737782
-0.735432
-0.733074
-0.730708
-0.728336
-0.725956
-0.723569
-0.721176
-0.718774
-0.716366
-0.713951
-0.711529
-0.709099
-0.706663
-0.70422
-0.70177
-0.699312
-0.696848
-0.694377
-0.6919
-0.689415
-0.686924
-0.684425
-0.68192
-0.679409
-0.67689
-0.674365
-0.671834
-0.669295
-0.66675
-0.664199
-0.661641
-0.659076
-0.656505
-0.653927
-0.651343
-0.648753
-0.646156
-0.643552
-0.640943
-0.638327
-0.635705
-0.633076
-0.630441
-0.6278
-0.625153
-0.6225
-0.61984
-0.617175
-0.614503
-0.611825
-0.609141
-0.606451
-0.603756
-0.601054
-0.598346
-0.595632
-0.592913
-0.590188
-0.587456
-0.584719
-0.581977
-0.579228
-0.576474
-0.573714
-0.570949
-0.568177
-0.565401
-0.562618
-0.55983
-0.557037
-0.554238
-0.551433
-0.548623
-0.545808
-0.542988
-0.540162
-0.53733
-0.534493
-0.531652
-0.528804
-0.525952
-0.523094
-0.520232
-0.517364
-0.514491
-0.511613
-0.50873
-0.505841
-0.502948
-0.50005
-0.497147
-0.494239
-0.491326
-0.488409
-0.485486
-0.482559
-0.479627
-0.47669
-0.473749
-0.470802
-0.467852
-0.464896
-0.461936
-0.458972
-0.456002
-0.453029
-0.450051
-0.447068
-0.444081
-0.44109
-0.438094
-0.435094
-0.43209
-0.429082
-0.426069
-0.423052
-0.420031
-0.417005
-0.413976
-0.410942
-0.407905
-0.404863
-0.401818
-0.398768
-0.395715
-0.392657
-0.389596
-0.386531
-0.383462
-0.380389
-0.377313
-0.374232
-0.371149
-0.368061
-0.36497
-0.361875
-0.358777
-0.355675
-0.352569
-0.349461
-0.346348
-0.343232
-0.340113
-0.336991
-0.333865
-0.330736
-0.327603
-0.324468
-0.321329
-0.318187
-0.315042
-0.311894
-0.308742
-0.305588
-0.302431
-0.29927
-0.296107
-0.292941
-0.289772
-0.2866
-0.283425
-0.280247
-0.277067
-0.273884
-0.270698
-0.267509
-0.264318
-0.261124
-0.257928
-0.254729
-0.251528
-0.248324
-0.245118
-0.241909
-0.238698
-0.235484
-0.232268
-0.22905
-0.22583
-0.222607
-0.219383
-0.216156
-0.212927
-0.209695
-0.206462
-0.203227
-0.19999
-0.19675
-0.193509
-0.190266
-0.187021
-0.183774
-0.180526
-0.177275
-0.174023
-0.170769
-0.167513
-0.164256
-0.160997
-0.157737
-0.154475
-0.151211
-0.147946
-0.14468
-0.141412
-0.138143
-0.134872
-0.1316
-0.128327
-0.125052
-0.121776
-0.118499
-0.115221
-0.111942
-0.108661
-0.10538
-0.102097
-0.0988137
-0.0955292
-0.0922438
-0.0889574
-0.0856701
-0.0823821
-0.0790931
-0.0758035
-0.072513
-0.0692219
-0.06593
-0.0626376
-0.0593445
-0.0560508
-0.0527565
-0.0494618
-0.0461665
-0.0428708
-0.0395747
-0.0362782
-0.0329813
-0.0296841
-0.0263866
-0.0230888
-0.0197909
-0.0164927
-0.0131943
-0.00989587
-0.0065973
-0.00329867
0
